# _objective_81c77_00037_37_hidden_dim=256,learning_rate=0.0011,margin=0.3759,weight_decay=0.0061_2024-07-08_18-35-23
hidden_dim: 256
learning_rate: 0.0010784378128608832
margin: 0.3759035389808272
weight_decay: 0.006070874110546381

output_dim: 32

in_batch_soft_negatives: true
loss_form: hinge