# _objective_75b07_00105_105_hidden_dim=256,learning_rate=0.0002,margin=0.5942,weight_decay=0.0000_2024-07-24_15-38-36
hidden_dim: 256
learning_rate: 0.00019531947717609183
margin: 0.5941963649921203
weight_decay: 1.4914308878983905e-05

output_dim: 8

in_batch_soft_negatives: true
loss_form: hinge