# 3rd top-scoring RNN8 model (in terms of isoscore) from the 20240425 anisotropy sweep
# _objective_ca010_00128_128_hidden_dim=256,learning_rate=0.0000,tau=0.0299,weight_decay=0.0509_2024-04-24_11-09-29

hidden_dim: 256
output_dim: 8

in_batch_soft_negatives: true
learning_rate: 3.875198235510039e-05
tau: 0.029946693607635126
weight_decay: 0.050856972201894175