# _objective_81c77_00043_43_hidden_dim=256,learning_rate=0.0001,margin=0.1262,weight_decay=0.0001_2024-07-08_18-35-23
hidden_dim: 256
learning_rate: 5.686282517103584e-05
margin: 0.12620410750629132
weight_decay: 0.00013046241405332315

output_dim: 32

in_batch_soft_negatives: true
loss_form: hinge