# _objective_75b07_00168_168_hidden_dim=256,learning_rate=0.0030,margin=0.4805,weight_decay=0.0014_2024-07-24_15-38-36
hidden_dim: 256
learning_rate: 0.003021976088979792
margin: 0.4804826931835744
weight_decay: 0.0013609568878102999

output_dim: 8

in_batch_soft_negatives: true
loss_form: hinge